test_files/test_graph_0.txt
[0, 42, 15, 17, 45, 31]
[46, 0, 22, 32, 38, 36]
[27, 47, 0, 17, 8, 33]
[17, 5, 31, 0, 37, 17]
[29, 40, 12, 17, 0, 30]
[16, 48, 29, 21, 24, 0]

Minimum cost : 97
Path Taken :  0 2 4 3 1 5 0 
test_files/test_graph_1.txt
[0, 16, 27, 37, 22, 46, 12, 23, 45, 34]
[7, 0, 5, 47, 5, 14, 49, 38, 35, 42]
[8, 40, 0, 49, 25, 18, 25, 32, 34, 39]
[30, 8, 36, 0, 40, 7, 39, 12, 5, 8]
[13, 31, 41, 34, 0, 5, 41, 49, 48, 13]
[32, 16, 5, 38, 31, 0, 22, 12, 17, 49]
[44, 12, 43, 16, 18, 44, 0, 30, 16, 11]
[27, 6, 14, 34, 19, 15, 45, 0, 35, 25]
[45, 37, 6, 28, 38, 5, 45, 49, 0, 16]
[17, 14, 15, 49, 46, 44, 13, 25, 29, 0]

Minimum cost : 97
Path Taken :  0 6 3 8 5 7 1 4 9 2 0 
test_files/test_graph_2.txt
[0, 24, 8]
[44, 0, 32]
[36, 34, 0]

Minimum cost : 86
Path Taken :  0 2 1 0 
test_files/test_graph_3.txt
[0, 22, 30, 44, 38, 44, 27, 46]
[19, 0, 38, 26, 24, 6, 40, 38]
[41, 7, 0, 35, 44, 10, 36, 44]
[12, 26, 25, 0, 21, 36, 40, 18]
[31, 45, 49, 50, 0, 33, 43, 41]
[9, 31, 27, 7, 49, 0, 14, 30]
[24, 15, 44, 8, 13, 27, 0, 16]
[41, 7, 26, 22, 38, 31, 11, 0]

Minimum cost : 123
Path Taken :  0 2 1 5 3 7 6 4 0 
test_files/test_graph_4.txt
[0, 13, 37, 23, 35, 44]
[39, 0, 48, 10, 29, 50]
[12, 32, 0, 50, 9, 6]
[39, 16, 49, 0, 36, 33]
[21, 41, 34, 34, 0, 21]
[12, 39, 48, 30, 34, 0]

Minimum cost : 114
Path Taken :  0 1 3 2 4 5 0 
test_files/test_graph_5.txt
[0, 38, 47, 26, 46, 37]
[47, 0, 21, 13, 29, 45]
[7, 13, 0, 47, 48, 33]
[31, 20, 22, 0, 7, 45]
[31, 31, 23, 6, 0, 5]
[5, 18, 26, 50, 10, 0]

Minimum cost : 96
Path Taken :  0 1 3 4 5 2 0 
test_files/test_graph_6.txt
[0, 49, 30, 13, 29]
[45, 0, 24, 14, 9]
[36, 29, 0, 5, 21]
[16, 19, 26, 0, 37]
[17, 10, 33, 35, 0]

Minimum cost : 80
Path Taken :  0 2 3 1 4 0 
test_files/test_graph_7.txt
[0, 48, 48, 5, 16, 16, 47, 11]
[19, 0, 19, 31, 19, 37, 38, 48]
[50, 14, 0, 37, 22, 36, 18, 33]
[26, 41, 35, 0, 33, 24, 18, 23]
[47, 47, 40, 20, 0, 42, 21, 30]
[18, 44, 48, 25, 33, 0, 12, 41]
[13, 30, 8, 44, 36, 35, 0, 48]
[47, 24, 31, 49, 16, 44, 26, 0]

Minimum cost : 124
Path Taken :  0 7 4 3 5 6 2 1 0 
test_files/test_graph_8.txt
[0, 29, 5, 49, 15, 13, 19, 42, 9, 12]
[22, 0, 10, 31, 30, 49, 46, 11, 34, 39]
[46, 50, 0, 38, 44, 41, 14, 33, 31, 28]
[41, 26, 14, 0, 13, 10, 30, 13, 10, 35]
[9, 41, 48, 48, 0, 39, 43, 23, 30, 44]
[35, 8, 13, 10, 20, 0, 41, 7, 24, 14]
[31, 45, 17, 21, 14, 13, 0, 44, 9, 20]
[21, 36, 42, 41, 5, 20, 18, 0, 14, 12]
[10, 27, 13, 28, 44, 40, 8, 45, 0, 36]
[31, 44, 34, 25, 50, 39, 40, 21, 46, 0]

Minimum cost : 122
Path Taken :  0 2 9 3 8 6 5 1 7 4 0 
test_files/test_graph_9.txt
[0, 31, 38]
[23, 0, 37]
[27, 8, 0]

Minimum cost : 95
Path Taken :  0 1 2 0 
